0: 1 2
1: 0 3 4
2: 0 7 12
3: 1 4 7
4: 1 3 5
5: 4 6
6: 5 7
7: 2 3 6 11
8: 5 9
9: 8 
10: 6 13
11: 7 14
12: 2 14 21
13: 10
14: 11 20 21
15: 8
16: 15 23
17: 16 13 10 
18: 17 19 
19: 10 18 20
20: 19 25 26
21: 12 14 26 28 
22: 15 23 38
23: 16 24 40
24: 17 42 29
25: 18 29
26: 20 21 33 34 
27: 34  
28: 21 35 52    
29: 30 43
30: 31 44	
31: 32 37
32: 25 31 33
33: 26 32 34
34: 26 27 35
35: 28 34 36
36: 35 37 32
37: 36 48 46  
38: 22 53 39
39: 38 40 
40: 23 39 41 
41: 40 42 55
42: 24 41 43 56
43: 29 42 44 57
44: 40 43 45
45: 44 46
46: 37 45 47
47: 46 48 50
48: 37 47 49 51
49: 36 48
50: 47 51 71
51: 50 52 47
52: 28 49 51
53: 38 54 61
54: 53 55 63
55: 41 54 56 64
56: 42 55 57 65 
57: 43 56 75
58: 45 59
59: 58 46 60
60: 47
61: 53 62                 
62: 61
63: 54
64: 55
65: 56 74
66: 58 67
67: 66 68
68: 67 69
69: 59 68 70
70: 60 69 71
71: 50 70 83                        
72: 73 74
73: 72
74: 65 77
75: 57
76: 77
77: 74 76 80
78: 79 61
79: 78 80
80: 77 79 81
81: 69 80 84   
82: 70 83 84
83: 82 71 85
84: 81 82 85
85: 83 84 

 

  


    


